   7.1423357e-01   5.3124914e+01
   1.9508081e+00   1.1147837e+02
   2.5397363e+00   1.4771889e+01
   2.8377268e+00   5.8560758e+01
   3.1522616e+00   5.8341620e+01
   3.4237338e+00   1.0968326e+02
   5.5699644e+00   1.0651987e+02
   7.8445404e+00   1.5468506e+02
   8.4352257e+00   1.4797094e+02
   9.7075130e+00   2.0261337e+02
   1.0937630e+01   1.9918229e+02
   1.2647185e+01   1.7423879e+02
   1.3109558e+01   3.0153292e+02
   1.3114814e+01   2.7622495e+02
   1.3574703e+01   3.2962996e+02
   1.4862649e+01   3.5630180e+02
   1.5154803e+01   4.6210380e+02
   1.5844147e+01   4.7796124e+02
   1.6005609e+01   4.0768588e+02
   1.6294474e+01   4.9242770e+02
   1.6982586e+01   4.4420764e+02
   1.8115839e+01   5.0928355e+02
   1.8267517e+01   5.3144927e+02
   1.8314711e+01   5.9164790e+02
   1.8679865e+01   5.4321189e+02
   1.9143339e+01   6.2805848e+02
   1.9150137e+01   6.7051117e+02
   1.9189849e+01   6.6246256e+02
   1.9297771e+01   5.5615812e+02
   1.9411856e+01   6.2190130e+02
