   1.4406230e+02   7.2218574e+01   1.4586518e+02
   8.6247367e+01   6.3956045e+01   1.5879591e+02
   6.0474126e+01   1.3202959e+02   1.1524090e+02
   1.0827353e+02   7.1345895e+01   1.7508053e+02
   1.0462102e+02   9.2638127e+01   1.6316428e+02
   1.0919162e+02   1.4421030e+02   1.1181478e+02
   1.0365010e+02   1.1621123e+02   1.0548328e+02
   8.1927536e+01   8.4978309e+01   1.1739027e+02
   1.5131515e+02   4.4676868e+01   1.1843962e+02
   9.3460938e+01   5.0489458e+01   1.5905057e+02
   7.7397590e+01   1.2898098e+02   1.2138363e+02
   1.2414912e+02   4.6123315e+01   1.4315880e+02
   1.6163553e+02   6.3251245e+01   1.4639809e+02
   1.1648034e+02   8.3788508e+01   9.5272187e+01
   1.1256403e+02   8.5189655e+01   1.8213989e+02
   7.3266391e+01   1.2394719e+02   1.0615496e+02
   8.2134015e+01   9.3753146e+01   1.1129393e+02
   1.3823135e+02   4.7274548e+01   1.2443735e+02
   1.4586816e+02   7.8841920e+01   1.3189988e+02
   1.6065676e+02   5.6861886e+01   1.3524241e+02
   9.2713289e+01   7.6782380e+01   1.3964433e+02
   8.4728496e+01   1.4736700e+02   1.0078158e+02
   1.3905450e+02   6.7594237e+01   1.3049993e+02
   1.1623864e+02   5.3076787e+01   1.5921763e+02
   9.6456881e+01   9.2360688e+01   1.7000868e+02
   1.1881384e+02   6.3957126e+01   1.3059817e+02
   1.6263411e+02   7.9700019e+01   1.2886490e+02
   9.6730016e+01   1.0911887e+02   1.3626591e+02
   1.0957354e+02   7.7028861e+01   1.2445965e+02
   6.0459015e+01   1.1931809e+02   1.2084299e+02
