   8.2374964e+01   5.4755160e+01   4.4041052e+01
   6.4505316e+01  -3.2749486e+01   2.4976196e+02
  -2.0647858e+02   3.4292806e+02   5.3118150e+01
   6.0821498e+01   7.8483574e+01   2.2528890e+02
  -1.3426162e+02   1.4050947e+02   3.1942801e+02
   3.0257186e+01   2.4081372e+02  -3.0997058e+01
  -3.6978309e+01   1.1971661e+02  -2.9217584e+00
  -4.5032812e+01   6.9344704e+01   1.2629561e+02
   3.4024600e+02  -2.1789034e+02   1.8007669e+02
   1.5269695e+02  -5.3432551e+01   4.1975033e+02
  -1.0458131e+02   2.2122215e+02   6.8114242e+00
   2.3523591e+02  -1.2090746e+02   2.9851643e+02
   8.5698597e+01   4.8899382e+01   1.1122175e+02
   5.8444259e+01   1.5937864e+02   1.2937499e+02
  -1.8499283e+01   3.8205772e+01   1.5104326e+02
  -4.5915636e+01   9.8248933e+01   3.2879953e+01
  -4.6466411e+01   8.5276281e+01   3.6467578e+01
   1.8625011e+02   1.3904915e+01   1.6686381e+02
   1.9838943e+02  -2.4468481e+00   1.1611014e+02
   1.9235017e+02  -6.1977261e+00   1.1870380e+02
   3.4722866e+01   1.0914320e+02   2.2909921e+02
  -6.0296071e+01   2.3756961e+02   3.6480146e+01
  -1.1114630e+01   6.0056082e+01   1.9569885e+02
   9.4491419e+01   2.9351747e+01   3.0420234e+02
   2.9614572e+01   5.3056249e+01   9.3678141e+01
   2.2391635e+02   5.2757839e+01   1.1556131e+02
   4.1677377e+01   8.1664586e+01   2.0775989e+02
   6.0857219e+00   1.4111893e+02   5.7633598e+01
   2.5697141e+01   9.7306003e+01   1.3294110e+02
   1.2761835e+00   1.6080168e+02  -3.7861815e+01
