   0.0000000e+00   1.7487099e-01
   3.7411531e+00   2.2211622e+00
   4.8338850e+00   1.0569412e+00
   9.8621733e+00   1.8810200e+00
   1.2318765e+01  -2.9740190e-01
   1.3692312e+01   9.7776038e-01
   1.7566408e+01  -2.2569784e-01
   2.1342624e+01   3.5469013e-01
   2.7578397e+01  -8.1276740e-03
   2.8650113e+01  -4.2147822e-01
   2.9769437e+01  -1.1157554e-01
   3.6034923e+01   1.1556359e-01
   3.6725404e+01  -7.9044791e-01
   3.8936945e+01   1.5388512e-01
   4.2714743e+01   1.3435377e+00
   4.4795034e+01   1.3861559e+00
   4.7875856e+01   1.7613019e+00
   5.2489698e+01   6.5579941e-01
   5.5409034e+01  -3.9438128e-01
   5.8417192e+01  -1.1473983e+00
   6.0671497e+01   6.1801854e-01
   6.1792513e+01  -6.5069982e-01
   6.6717239e+01  -8.2310868e-01
   7.0630235e+01  -1.2931441e+00
   7.2488894e+01  -1.7138544e+00
   7.6034693e+01  -2.0084906e+00
   7.8726885e+01  -1.1135525e+00
   8.0696559e+01  -3.1301666e-01
   8.4293871e+01   1.4345724e+00
   8.6212717e+01   4.8098045e-01
   9.0888396e+01   9.7400176e-01
   9.1852930e+01   5.9244122e-01
   9.4931130e+01  -5.8662931e-02
   9.8190501e+01  -5.7395944e-01
   9.9055716e+01  -1.7009590e-01
   1.0643838e+02  -2.4427846e-01
   1.0832519e+02  -1.1994062e+00
   1.1024507e+02  -6.4153947e-01
   1.1528848e+02  -8.0964882e-01
   1.1537030e+02  -1.1613352e+00
   1.1989776e+02   6.1051559e-01
   1.2275855e+02   8.4367617e-01
   1.2631921e+02   1.6492859e+00
   1.2931286e+02   1.7580654e+00
   1.3113512e+02   3.5497609e-01
   1.3496995e+02   1.1335097e+00
   1.3783512e+02   1.5773619e+00
   1.4162771e+02   7.2253801e-01
   1.4509327e+02  -2.2377111e-01
   1.4810927e+02  -4.0281392e-01
   1.4913635e+02  -1.3476814e+00
   1.5307736e+02  -4.5409910e-01
   1.5478588e+02  -9.0709908e-01
   1.5788650e+02  -4.7812266e-01
   1.6199315e+02  -1.7903868e-01
   1.6653263e+02   1.0275426e+00
   1.6723033e+02   5.6830697e-01
   1.7137138e+02   1.2529875e-01
   1.7377442e+02  -4.1758426e-01
   1.7811736e+02  -9.9065544e-01
   1.7891094e+02  -9.3686772e-01
   1.8303256e+02  -5.9365631e-01
   1.8655253e+02  -1.6386195e+00
   1.9010061e+02  -1.0032057e+00
   1.9354421e+02  -1.5538016e+00
   1.9508593e+02  -9.9967453e-01
   1.9650841e+02  -9.4026322e-01
   2.0025770e+02   3.3614201e-01
   2.0293842e+02   1.9432692e-01
   2.0935046e+02   8.6313428e-01
   2.0938440e+02   1.1459582e+00
   2.1374808e+02   8.0480637e-01
   2.1580758e+02   1.1112339e+00
   2.1988861e+02   3.2945640e-01
   2.2123515e+02   1.1132338e+00
   2.2359773e+02   6.5250877e-01
   2.2657762e+02   6.6549218e-01
   2.3148819e+02  -6.7564447e-01
   2.3382262e+02  -1.1945470e+00
   2.3680395e+02  -1.2750685e+00
   2.4141931e+02   7.7117654e-01
   2.4329158e+02   1.5378481e+00
   2.4619781e+02   1.2639242e+00
   2.5058770e+02   6.1509786e-01
   2.5119553e+02   6.0716421e-01
   2.5569662e+02  -5.8588188e-01
   2.5883509e+02  -5.0699178e-01
   2.6075628e+02  -4.0398039e-01
   2.6421567e+02  -4.9657169e-01
   2.6583416e+02  -7.6174348e-01
   2.6885205e+02  -9.6483930e-01
   2.7310487e+02  -1.7391779e+00
   2.7672225e+02  -5.1106794e-01
   2.8133311e+02   8.5252603e-01
   2.8158549e+02   1.8356690e-01
   2.8518733e+02   4.6415720e-01
   2.8791751e+02   1.1703640e+00
   2.8906698e+02   6.8653534e-01
   2.9356103e+02   5.0107668e-01
   2.9520532e+02   3.3358162e-01
   3.0084038e+02  -1.0677670e+00
   3.0211197e+02  -6.1512532e-01
   3.0610009e+02  -8.8124715e-01
   3.0845547e+02  -2.8327038e-01
   3.1230352e+02  -1.8205645e-01
   3.1439967e+02  -1.0319492e+00
   3.1848997e+02   4.0153720e-01
   3.2173936e+02   1.2919688e+00
   3.2571189e+02   1.2428280e+00
   3.2680588e+02   1.9939379e+00
   3.2786164e+02   1.3713005e+00
   3.3216041e+02   1.8374514e+00
   3.3735459e+02   3.7483941e-01
   3.3792784e+02   1.1787128e+00
   3.4296095e+02  -4.6174395e-02
   3.4512405e+02   2.2438434e-01
   3.4903910e+02  -1.8207850e+00
   3.4943670e+02  -9.2176813e-01
   3.5380230e+02  -1.9012840e+00
   3.5579215e+02  -9.7019692e-01
   3.6290801e+02   4.4697273e-01
   3.6382522e+02   9.0587827e-02
   3.6737897e+02   5.2622177e-01
   3.6794182e+02   9.2255603e-01
   3.7153138e+02  -2.4485144e-01
   3.7472753e+02   2.2609280e-01
   3.7909842e+02  -8.0245506e-01
   3.8072213e+02   4.3567310e-01
   3.8470154e+02  -1.1252693e+00
   3.8494818e+02  -5.0726279e-01
   3.8964615e+02  -2.0063135e+00
   3.9217641e+02  -1.8557989e+00
   3.9442294e+02  -1.7282870e+00
   3.9950797e+02   3.1023204e-02
   4.0228198e+02   1.2218660e+00
   4.0503348e+02   1.5165395e+00
   4.0666632e+02   1.3158612e+00
   4.1212749e+02   1.3877499e+00
   4.1435018e+02   1.0774796e+00
   4.1670093e+02   5.5868752e-01
   4.2002289e+02   7.6137377e-01
   4.2273800e+02   6.6338533e-01
   4.2424979e+02  -1.2692690e-01
   4.2871435e+02   8.3055341e-02
   4.3116863e+02  -1.0283596e+00
   4.3402079e+02  -1.1637659e+00
   4.3684360e+02  -4.3789243e-01
   4.4046644e+02   2.7437114e-01
   4.4199736e+02   7.7722001e-01
   4.4796423e+02   6.5987990e-01
   4.5052006e+02   4.2575323e-01
   4.5297997e+02  -5.9470320e-01
   4.5596523e+02  -4.9639475e-01
   4.5820184e+02  -6.3323442e-01
   4.6301869e+02   1.5613926e-01
   4.6486678e+02   3.1752674e-01
   4.6728547e+02  -3.7427511e-01
   4.7235139e+02  -6.9234111e-01
   4.7377523e+02  -6.6141101e-01
   4.7641097e+02  -9.0355952e-01
   4.7970625e+02   3.4054458e-01
   4.8215207e+02  -4.4176197e-01
   4.8487987e+02  -2.7560113e-01
   4.9152600e+02  -1.3593835e+00
   4.9365550e+02  -1.9489625e-01
   4.9530754e+02  -2.0941851e-01
   4.9674288e+02  -5.6846229e-01
   5.0013453e+02   4.7459033e-01
   5.0382347e+02   6.7704988e-01
   5.0779142e+02   7.0025884e-01
   5.0866800e+02   5.1869918e-01
   5.1067013e+02   4.2614696e-01
   5.1455090e+02  -4.8144949e-02
   5.1933351e+02   1.7583820e+00
   5.2239135e+02   2.5124843e-01
   5.2545168e+02   6.7623708e-02
   5.2786972e+02   2.3175199e-01
   5.3118369e+02  -2.6561644e-01
   5.3352385e+02  -2.3400681e-01
   5.3786202e+02  -4.9959790e-02
   5.3863831e+02   1.0687478e-02
   5.4345503e+02   9.1278891e-01
   5.4515129e+02   8.4404972e-01
   5.4866511e+02   6.2109329e-01
   5.5255278e+02   4.4990606e-01
   5.5603909e+02  -4.7267251e-02
   5.5688236e+02  -1.2662592e+00
   5.6226066e+02  -1.1866787e+00
   5.6466014e+02   5.4997751e-01
   5.6693213e+02  -9.4425952e-01
   5.6980478e+02  -4.0957281e-01
   5.7278239e+02  -8.6090233e-01
   5.7569689e+02   1.2599865e-01
   5.7902305e+02  -6.6977980e-01
   5.8205129e+02  -4.0501446e-01
   5.8582606e+02   2.1244539e-01
   5.8952698e+02  -1.0885185e-01
   5.9146691e+02  -4.4274467e-01
   5.9379029e+02  -9.5878646e-01
   5.9762519e+02  -1.0250054e+00
   6.0018323e+02   1.9277169e-01
   6.0197023e+02  -3.1959894e-01
   6.0694922e+02   1.0449811e-01
   6.0930706e+02   1.0496047e+00
   6.1213517e+02  -1.7489530e-01
   6.1551525e+02  -1.4981540e-01
   6.1826141e+02   6.4604022e-01
   6.2005851e+02   3.3522848e-01
   6.2383766e+02   1.4803835e+00
   6.2685395e+02   7.4164166e-01
   6.2946799e+02   1.0700070e+00
   6.3468210e+02   2.2745637e-01
   6.3512427e+02  -2.0392511e-01
   6.3851618e+02  -3.2730139e-01
   6.4128800e+02  -6.4481421e-02
   6.4382579e+02   5.2046959e-01
   6.4780776e+02   1.6735476e-01
   6.5072593e+02  -3.4017791e-01
   6.5553007e+02  -1.7156812e-01
   6.5675098e+02  -7.8087369e-01
   6.5893579e+02   1.4156216e-01
   6.6460346e+02  -1.6674616e-01
   6.6723468e+02   4.2638701e-01
   6.6877037e+02  -5.3492841e-01
   6.7049384e+02  -4.6906536e-01
   6.7455537e+02  -5.0956601e-01
   6.7784406e+02  -1.0123733e+00
   6.8127607e+02  -4.8564265e-01
   6.8373884e+02   1.0364579e+00
   6.8744342e+02   4.8047020e-01
   6.9039189e+02  -5.6124927e-01
   6.9174932e+02  -1.8443584e-01
   6.9505204e+02  -8.3292417e-01
   6.9825889e+02   3.8296004e-02
   7.0149218e+02   9.8063461e-01
   7.0467942e+02  -1.5989186e-01
   7.0797082e+02   1.2666452e+00
   7.0801247e+02   1.0479524e+00
   7.1354299e+02  -4.8845068e-02
   7.1824245e+02   1.0664724e+00
   7.1893330e+02   3.7736804e-01
   7.2393373e+02   3.5252704e-01
   7.2635032e+02  -1.4286476e-01
   7.2897099e+02   4.7664910e-01
   7.3218245e+02   4.9013166e-01
   7.3343494e+02   1.4934043e-01
   7.3791546e+02   2.4647897e-01
   7.4260395e+02   3.0044637e-01
   7.4409835e+02   7.3326133e-01
   7.4704137e+02  -3.2626484e-01
   7.4926583e+02  -2.4268533e-01
   7.5296919e+02  -9.0378072e-01
   7.5623235e+02  -3.9395859e-01
   7.5942639e+02  -3.7582197e-01
   7.6162719e+02  -6.6679647e-01
   7.6476355e+02   9.3760945e-02
   7.6874165e+02  -6.0263544e-01
   7.7002369e+02  -8.2438431e-01
   7.7622945e+02  -5.2959989e-01
   7.7733756e+02  -8.0903446e-01
   7.8100006e+02  -1.1118853e-01
   7.8133584e+02   1.8481116e-01
   7.8540997e+02   1.8918278e-01
   7.8872194e+02   1.4544029e-01
   7.9242272e+02  -2.3253965e-01
   7.9332980e+02  -5.0900286e-02
   7.9847163e+02  -4.0967182e-02
   7.9978715e+02   6.6602070e-01
   8.0406619e+02   6.1630030e-01
   8.0765236e+02   5.4354725e-01
   8.1032706e+02   1.1015258e+00
   8.1408263e+02  -3.4732831e-01
   8.1700608e+02   3.2871137e-02
   8.1834909e+02   6.6905423e-01
   8.2225706e+02   8.9306314e-01
   8.2405562e+02   1.6797422e+00
   8.2667821e+02   1.4463868e+00
   8.3192483e+02   3.1494074e-01
   8.3400005e+02  -4.4221682e-01
   8.3694508e+02   2.3949260e-01
   8.4091113e+02  -2.7987083e-01
   8.4359458e+02   7.7013137e-01
   8.4635020e+02   9.7356749e-01
   8.5025025e+02   5.9390410e-02
   8.5292979e+02  -4.9612661e-02
   8.5523976e+02   3.5920146e-01
   8.5730964e+02  -1.3373691e-01
   8.6034845e+02  -1.1459430e-01
   8.6519210e+02   4.1189422e-01
   8.6538817e+02   2.9747416e-01
   8.6997554e+02  -1.1288095e+00
   8.7105115e+02  -8.5502436e-01
   8.7702050e+02  -2.8623988e-01
   8.7986172e+02  -5.2035958e-01
   8.8200116e+02   1.3285394e-01
   8.8492916e+02  -4.0918640e-01
   8.8551372e+02   1.3094766e-01
   8.9158117e+02  -1.9045746e-01
   8.9180757e+02  -1.1958303e+00
   8.9468072e+02  -4.8770685e-01
   9.0007993e+02  -7.5855790e-02
   9.0205152e+02  -1.0509445e-01
   9.0641149e+02   6.2889445e-01
   9.0967698e+02  -6.1187636e-01
   9.1285773e+02  -1.0935516e+00
   9.1430884e+02  -6.8535278e-01
   9.1844938e+02  -2.7107402e-01
   9.2110063e+02   6.8014523e-02
   9.2482607e+02   1.3651000e-01
   9.2753616e+02   9.8729387e-01
   9.3089789e+02  -4.7020928e-01
   9.3286806e+02   1.0326169e-01
   9.3585280e+02   2.9955866e-01
   9.3987634e+02   3.2416206e-01
   9.4000777e+02   2.9380267e-01
   9.4449541e+02   4.7415695e-01
   9.4672941e+02  -2.1130953e-01
   9.5061742e+02  -1.3767746e-01
   9.5464868e+02  -1.6051990e-01
   9.5782573e+02   3.1746989e-01
   9.5898506e+02  -6.3935926e-01
   9.6252893e+02  -8.1110477e-01
   9.6613702e+02   1.2715741e-01
   9.6870814e+02  -7.5901600e-02
   9.7230182e+02  -9.3717733e-01
   9.7539993e+02  -1.5703570e+00
   9.7707004e+02   1.1844501e-01
   9.8082317e+02  -1.5187995e+00
   9.8186791e+02  -4.3229305e-01
   9.8814536e+02  -7.2462309e-01
   9.8937091e+02  -5.2953671e-01
   9.9179615e+02  -3.5494580e-01
   9.9574606e+02  -5.4936130e-01
   1.0000000e+03  -7.7690985e-01
